Vin     duty_cycle  Vout    rout    ripple      power_in    power_out   nu
3.00    33.5%       1.80    4.50    9.87        770.1       721.7       93.72%
3.15    36.5%       1.80    4.50    10.5        768.8       722.0       93.91%
3.30    39.6%       1.80    4.50    11.0        765.5       719.5       93.99%
3.45    42.3%       1.80    4.50    11.5        761.6       716.6       94.10%
3.60    44.5%       1.80    4.50    11.9        761.4       717.5       94.23%
3.75    46.6%       1.80    4.50    12.5        766.9       723.1       94.28%
3.90    48.7%       1.80    4.50    12.8        765.6       722.4       94.36%
4.05    50.7%       1.80    4.50    12.9        760.4       717.8       94.39%
4.20    52.4%       1.80    4.50    13.0        760.4       718.1       94.43%
4.40    54.4%       1.80    4.50    13.6        763.5       721.3       94.48%

3.60    44.5%       1.80    2.25    11.9        761.4       717.5       94.23%
3.60    44.5%       1.80    3.38    11.9        761.4       717.5       94.23%
3.60    44.5%       1.80    4.50    11.9        761.4       717.5       94.23%
3.60    44.5%       1.80    6.00    11.9        761.4       717.5       94.23%
3.60    44.5%       1.80    9.00    11.9        761.4       717.5       94.23%
3.60    44.5%       1.80    18.0    11.9        761.4       717.5       94.23%
3.60    44.5%       1.80    180     11.9        761.4       717.5       94.23%
3.60    44.5%       1.80    1800    11.9        761.4       717.5       94.23%
3.60    44.5%       1.80    18000   11.9        761.4       717.5       94.23%
